n=12;
Min=1;
<<<<<<< HEAD
Max=2;
D=[|
  0, 333, 150, 335, 347, 483, 89, 346, 324, 160, 182, 257 |
  333, 0, 483, 486, 680, 150, 362, 679, 475, 219, 333, 216 |
  150, 483, 0, 291, 197, 633, 121, 196, 280, 310, 186, 301 |
  335, 486, 291, 0, 298, 586, 246, 297, 51, 267, 153, 592 |
  347, 680, 197, 298, 0, 830, 318, 1, 295, 507, 383, 464 |
  483, 150, 633, 586, 830, 0, 512, 829, 535, 323, 447, 366 |
  89, 362, 121, 246, 318, 512, 0, 317, 235, 189, 93, 346 |
  346, 679, 196, 297, 1, 829, 317, 0, 294, 506, 382, 463 |
  324, 475, 280, 51, 295, 535, 235, 294, 0, 256, 142, 581 |
  160, 219, 310, 267, 507, 323, 189, 506, 256, 0, 124, 325 |
  182, 333, 186, 153, 383, 447, 93, 382, 142, 124, 0, 439 |
  257, 216, 301, 592, 464, 366, 346, 463, 581, 325, 439, 0 |
=======
Max=9;
D=[|
  0, 146, 144, 137, 86, 249, 275, 524, 227, 411, 165, 391 |
  146, 0, 158, 217, 102, 223, 379, 670, 329, 331, 165, 537 |
  144, 158, 0, 281, 166, 105, 419, 512, 171, 267, 21, 379 |
  137, 217, 281, 0, 115, 386, 294, 585, 364, 548, 302, 452 |
  86, 102, 166, 115, 0, 271, 319, 610, 269, 433, 187, 477 |
  249, 223, 105, 386, 271, 0, 524, 447, 106, 162, 84, 314 |
  275, 379, 419, 294, 319, 524, 0, 391, 502, 686, 440, 508 |
  524, 670, 512, 585, 610, 447, 391, 0, 341, 491, 505, 133 |
  227, 329, 171, 364, 269, 106, 502, 341, 0, 184, 164, 208 |
  411, 331, 267, 548, 433, 162, 686, 491, 184, 0, 246, 358 |
  165, 165, 21, 302, 187, 84, 440, 505, 164, 246, 0, 372 |
  391, 537, 379, 452, 477, 314, 508, 133, 208, 358, 372, 0 |
>>>>>>> 5147b081e14b58b60ee3b95a622425050e05f718
|];
