16
1
6
0 406 344 562 595 207 329 259 288 385 216 176 538 470 513 357
406 0 68 512 283 419 287 367 460 335 190 244 488 420 107 61
344 68 0 580 351 357 347 305 398 403 128 194 556 488 169 129
562 512 580 0 369 355 233 303 280 177 562 386 76 184 463 451
595 283 351 369 0 608 476 556 649 498 379 433 293 553 234 238
207 419 357 355 608 0 132 52 81 178 229 175 331 263 526 370
329 287 347 233 476 132 0 80 173 56 329 153 209 141 394 238
259 367 305 303 556 52 80 0 93 126 259 123 279 211 474 318
288 460 398 280 649 81 173 93 0 151 288 216 356 182 567 411
385 335 403 177 498 178 56 126 151 0 385 209 205 85 416 274
216 190 128 562 379 229 329 259 288 385 0 176 538 470 297 141
176 244 194 386 433 175 153 123 216 209 176 0 362 294 351 195
538 488 556 76 293 331 209 279 356 205 538 362 0 260 439 427
470 420 488 184 553 263 141 211 182 85 470 294 260 0 471 359
513 107 169 463 234 526 394 474 567 416 297 351 439 471 0 156
357 61 129 451 238 370 238 318 411 274 141 195 427 359 156 0
