10
7
7
0 126 535 356 443 235 630 235 475 571
126 0 551 372 459 251 646 189 491 587
535 551 0 335 166 300 251 426 88 36
356 372 335 0 169 167 274 183 247 331
443 459 166 169 0 208 187 270 78 162
235 251 300 167 208 0 395 258 240 336
630 646 251 274 187 395 0 457 163 247
235 189 426 183 270 258 457 0 338 422
475 491 88 247 78 240 163 338 0 96
571 587 36 331 162 336 247 422 96 0
