10
2
6
0 528 817 349 607 923 390 493 770 96
528 0 289 179 435 397 568 457 500 432
817 289 0 468 210 142 427 324 245 721
349 179 468 0 382 574 515 404 447 305
607 435 210 382 0 316 217 114 163 511
923 397 142 574 316 0 533 430 153 827
390 568 427 515 217 533 0 111 380 294
493 457 324 404 114 430 111 0 277 397
770 500 245 447 163 153 380 277 0 674
96 432 721 305 511 827 294 397 674 0
