12
2
9
0 222 771 275 248 433 190 645 89 451 423 389
222 0 549 111 162 269 54 423 309 229 201 167
771 549 0 530 711 396 581 126 858 320 348 382
275 111 530 0 181 158 165 404 328 340 248 148
248 162 711 181 0 315 138 585 159 391 363 329
433 269 396 158 315 0 323 270 462 498 406 266
190 54 581 165 138 323 0 455 277 261 233 199
645 423 126 404 585 270 455 0 732 236 222 256
89 309 858 328 159 462 277 732 0 538 510 476
451 229 320 340 391 498 261 236 538 0 92 232
423 201 348 248 363 406 233 222 510 92 0 140
389 167 382 148 329 266 199 256 476 232 140 0
