6
2
5
0 126 389 399 802 551
126 0 265 297 676 425
389 265 0 562 413 434
399 297 562 0 403 152
802 676 413 403 0 251
551 425 434 152 251 0
