10
2
7
0 209 347 270 370 254 368 278 247 448
209 0 556 479 579 451 577 291 234 657
347 556 0 235 223 105 247 577 458 183
270 479 235 0 100 278 98 500 325 178
370 579 223 100 0 266 24 600 425 78
254 451 105 278 266 0 290 472 501 226
368 577 247 98 24 290 0 598 423 80
278 291 577 500 600 472 598 0 525 678
247 234 458 325 425 501 423 525 0 503
448 657 183 178 78 226 80 678 503 0
