8
1
4
0 94 271 279 593 42 598 204
94 0 363 373 685 74 504 296
271 363 0 426 322 289 451 67
279 373 426 0 376 321 877 379
593 685 322 376 0 611 519 389
42 74 289 321 611 0 556 222
598 504 451 877 519 556 0 498
204 296 67 379 389 222 498 0
