6
1
5
0 222 489 663 666 197
222 0 379 441 444 35
489 379 0 286 243 344
663 441 286 0 43 466
666 444 243 43 0 469
197 35 344 466 469 0
