8
5
6
0 266 190 247 271 81 132 217
266 0 224 353 377 283 142 149
190 224 0 129 291 207 82 335
247 353 129 0 284 328 211 464
271 377 291 284 0 352 235 488
81 283 207 328 352 0 149 136
132 142 82 211 235 149 0 253
217 149 335 464 488 136 253 0
