10
1
6
0 594 296 426 443 366 233 114 192 310
594 0 580 574 603 228 409 622 402 284
296 580 0 130 147 352 529 182 178 296
426 574 130 0 29 346 659 312 238 414
443 603 147 29 0 375 676 329 255 431
366 228 352 346 375 0 467 394 174 222
233 409 529 659 676 467 0 347 421 245
114 622 182 312 329 394 347 0 220 338
192 402 178 238 255 174 421 220 0 176
310 284 296 414 431 222 245 338 176 0
