10
3
9
0 351 523 51 494 137 183 381 481 164
351 0 278 354 143 446 492 70 292 515
523 278 0 526 185 466 456 208 42 687
51 354 526 0 497 188 234 384 484 161
494 143 185 497 0 437 427 113 199 658
137 446 466 188 437 0 46 376 424 221
183 492 456 234 427 46 0 422 414 247
381 70 208 384 113 376 422 0 222 545
481 292 42 484 199 424 414 222 0 645
164 515 687 161 658 221 247 545 645 0
