10
2
5
0 112 381 309 326 459 119 136 310 79
112 0 493 325 438 571 131 136 272 191
381 493 0 232 211 78 362 357 325 302
309 325 232 0 113 246 194 189 157 338
326 438 211 113 0 143 307 302 270 317
459 571 78 246 143 0 440 435 403 380
119 131 362 194 307 440 0 17 191 148
136 136 357 189 302 435 17 0 174 165
310 272 325 157 270 403 191 174 0 339
79 191 302 338 317 380 148 165 339 0
