8
3
7
0 674 523 244 752 758 643 421
674 0 673 581 206 541 522 584
523 673 0 246 512 215 543 249
244 581 246 0 634 40 59 177
752 206 512 634 0 673 316 378
758 541 215 40 673 0 512 157
643 522 543 59 316 512 0 154
421 584 249 177 378 157 154 0
