6
1
3
0 48 362 147 131 254
48 0 410 195 99 302
362 410 0 215 311 198
147 195 215 0 130 117
131 99 311 130 0 203
254 302 198 117 203 0
