12
11
11
0 290 548 666 18 304 321 602 287 633 197 539
290 0 336 376 272 460 127 312 47 343 239 249
548 336 0 166 530 244 463 328 383 209 497 205
666 376 166 0 648 362 423 162 379 43 615 127
18 272 530 648 0 286 313 584 269 615 189 521
304 460 244 362 286 0 587 452 507 333 463 329
321 127 463 423 313 587 0 359 80 390 192 296
602 312 328 162 584 452 359 0 315 119 551 123
287 47 383 379 269 507 80 315 0 346 236 252
633 343 209 43 615 333 390 119 346 0 582 94
197 239 497 615 189 463 192 551 236 582 0 488
539 249 205 127 521 329 296 123 252 94 488 0
