20
2
7
0 721 136 481 215 506 646 171 267 85 423 631 117 635 95 174 541 480 101 629
721 0 697 240 626 235 75 550 454 642 410 128 604 142 718 667 236 309 670 168
136 697 0 457 351 482 622 243 327 221 559 607 133 611 41 310 517 458 237 605
481 240 457 0 386 65 199 310 348 402 580 298 364 154 478 427 406 479 430 148
215 626 351 386 0 437 551 108 172 130 254 536 218 540 310 41 446 385 114 534
506 235 482 65 437 0 264 335 413 427 645 363 389 129 503 452 471 544 455 123
646 75 622 199 551 264 0 475 379 567 381 99 529 171 643 592 207 280 595 197
171 550 243 310 108 335 475 0 96 92 316 460 110 464 202 117 370 309 120 458
267 454 327 348 172 413 379 96 0 188 232 364 194 368 286 213 274 213 216 362
85 642 221 402 130 427 567 92 188 0 338 552 88 556 180 89 462 401 28 550
423 410 559 580 254 645 381 316 232 338 0 282 426 552 518 295 192 131 322 578
631 128 607 298 536 363 99 460 364 552 282 0 514 270 628 577 108 181 580 296
117 604 133 364 218 389 529 110 194 88 426 514 0 518 114 177 424 363 104 512
635 142 611 154 540 129 171 464 368 556 552 270 518 0 632 581 378 451 584 26
95 718 41 478 310 503 643 202 286 180 518 628 114 632 0 269 538 477 196 626
174 667 310 427 41 452 592 117 213 89 295 577 177 581 269 0 487 426 73 575
541 236 517 406 446 471 207 370 274 462 192 108 424 378 538 487 0 73 490 404
480 309 458 479 385 544 280 309 213 401 131 181 363 451 477 426 73 0 429 477
101 670 237 430 114 455 595 120 216 28 322 580 104 584 196 73 490 429 0 578
629 168 605 148 534 123 197 458 362 550 578 296 512 26 626 575 404 477 578 0
