12
1
9
0 146 144 137 86 249 275 524 227 411 165 391
146 0 158 217 102 223 379 670 329 331 165 537
144 158 0 281 166 105 419 512 171 267 21 379
137 217 281 0 115 386 294 585 364 548 302 452
86 102 166 115 0 271 319 610 269 433 187 477
249 223 105 386 271 0 524 447 106 162 84 314
275 379 419 294 319 524 0 391 502 686 440 508
524 670 512 585 610 447 391 0 341 491 505 133
227 329 171 364 269 106 502 341 0 184 164 208
411 331 267 548 433 162 686 491 184 0 246 358
165 165 21 302 187 84 440 505 164 246 0 372
391 537 379 452 477 314 508 133 208 358 372 0
