20
1
3
0 256 383 303 359 199 169 201 295 239 387 432 80 663 298 439 475 358 418 188
256 0 295 215 615 377 87 201 207 141 299 344 176 575 186 695 387 270 576 216
383 295 0 84 508 270 318 182 110 154 170 49 371 280 149 588 156 67 469 195
303 215 84 0 424 186 238 102 194 174 86 129 291 360 233 504 172 55 385 115
359 615 508 424 0 238 528 414 618 598 338 553 439 420 657 98 352 441 175 399
199 377 270 186 238 0 290 176 380 360 188 315 201 464 419 318 276 203 219 161
169 87 318 238 528 290 0 136 230 164 322 367 89 598 209 608 410 293 489 129
201 201 182 102 414 176 136 0 204 184 186 231 189 462 243 494 274 157 375 15
295 207 110 194 618 380 230 204 0 66 280 137 283 368 39 698 266 177 579 219
239 141 154 174 598 360 164 184 66 0 260 203 217 434 59 678 246 157 559 199
387 299 170 86 338 188 322 186 280 260 0 215 375 276 319 418 88 103 299 199
432 344 49 129 553 315 367 231 137 203 215 0 420 231 158 633 201 112 514 244
80 176 371 291 439 201 89 189 283 217 375 420 0 651 262 519 463 346 406 176
663 575 280 360 420 464 598 462 368 434 276 231 651 0 389 518 188 305 355 475
298 186 149 233 657 419 209 243 39 59 319 158 262 389 0 737 305 216 618 258
439 695 588 504 98 318 608 494 698 678 418 633 519 518 737 0 432 521 273 479
475 387 156 172 352 276 410 274 266 246 88 201 463 188 305 432 0 117 313 287
358 270 67 55 441 203 293 157 177 157 103 112 346 305 216 521 117 0 402 170
418 576 469 385 175 219 489 375 579 559 299 514 406 355 618 273 313 402 0 360
188 216 195 115 399 161 129 15 219 199 199 244 176 475 258 479 287 170 360 0
