8
1
2
0 455 449 606 228 219 439 618
455 0 794 151 397 464 564 417
449 794 0 675 397 330 230 377
606 151 675 0 378 387 445 298
228 397 397 378 0 67 211 390
219 464 330 387 67 0 220 399
439 564 230 445 211 220 0 179
618 417 377 298 390 399 179 0
