8
1
3
0 299 177 347 101 191 418 280
299 0 476 646 374 220 717 579
177 476 0 170 102 368 241 133
347 646 170 0 272 538 231 67
101 374 102 272 0 266 343 205
191 220 368 538 266 0 609 471
418 717 241 231 343 609 0 200
280 579 133 67 205 471 200 0
