6
1
3
0 144 336 321 124 141
144 0 480 465 268 233
336 480 0 425 392 477
321 465 425 0 197 462
124 268 392 197 0 265
141 233 477 462 265 0
