8
1
5
0 327 221 177 429 310 387 352
327 0 238 150 394 453 530 153
221 238 0 114 208 215 292 131
177 150 114 0 270 329 406 175
429 394 208 270 0 243 136 241
310 453 215 329 243 0 151 300
387 530 292 406 136 151 0 377
352 153 131 175 241 300 377 0
