12
1
2
0 333 150 335 347 483 89 346 324 160 182 257
333 0 483 486 680 150 362 679 475 219 333 216
150 483 0 291 197 633 121 196 280 310 186 301
335 486 291 0 298 586 246 297 51 267 153 592
347 680 197 298 0 830 318 1 295 507 383 464
483 150 633 586 830 0 512 829 535 323 447 366
89 362 121 246 318 512 0 317 235 189 93 346
346 679 196 297 1 829 317 0 294 506 382 463
324 475 280 51 295 535 235 294 0 256 142 581
160 219 310 267 507 323 189 506 256 0 124 325
182 333 186 153 383 447 93 382 142 124 0 439
257 216 301 592 464 366 346 463 581 325 439 0
