16
1
11
0 119 151 459 406 78 132 211 293 136 241 277 137 131 226 342
119 0 98 506 525 197 85 246 412 155 342 396 256 28 303 461
151 98 0 408 557 229 183 148 444 187 374 428 288 126 335 493
459 506 408 0 529 517 591 384 566 595 700 324 380 534 685 309
406 525 557 529 0 328 450 617 113 370 183 205 269 537 222 220
78 197 229 517 328 0 122 289 215 78 183 199 137 209 168 264
132 85 183 591 450 122 0 331 337 80 267 321 211 87 228 386
211 246 148 384 617 289 331 0 504 335 440 488 348 274 425 553
293 412 444 566 113 215 337 504 0 257 134 242 186 424 119 257
136 155 187 595 370 78 80 335 257 0 187 271 215 167 148 306
241 342 374 700 183 183 267 440 134 187 0 376 320 354 39 391
277 396 428 324 205 199 321 488 242 271 376 0 140 408 361 65
137 256 288 380 269 137 211 348 186 215 320 140 0 268 305 205
131 28 126 534 537 209 87 274 424 167 354 408 268 0 315 473
226 303 335 685 222 168 228 425 119 148 39 361 305 315 0 376
342 461 493 309 220 264 386 553 257 306 391 65 205 473 376 0
