16
13
13
0 421 466 470 582 596 377 562 550 195 221 364 561 69 173 392
421 0 375 201 487 321 122 469 129 404 642 57 484 416 354 199
466 375 0 174 116 130 331 96 504 595 359 318 109 397 293 176
470 201 174 0 286 126 317 268 330 599 441 216 283 401 297 78
582 487 116 286 0 186 443 20 616 711 475 430 21 513 409 288
596 321 130 126 186 0 443 168 430 725 489 342 183 527 423 204
377 122 331 317 443 443 0 425 173 282 598 101 440 372 310 239
562 469 96 268 20 168 425 0 598 691 455 412 15 493 389 270
550 129 504 330 616 430 173 598 0 385 771 186 613 545 483 328
195 404 595 599 711 725 282 691 385 0 416 383 690 198 302 521
221 642 359 441 475 489 598 455 771 416 0 585 454 226 288 443
364 57 318 216 430 342 101 412 186 383 585 0 427 359 297 142
561 484 109 283 21 183 440 15 613 690 454 427 0 492 388 285
69 416 397 401 513 527 372 493 545 198 226 359 492 0 104 323
173 354 293 297 409 423 310 389 483 302 288 297 388 104 0 219
392 199 176 78 288 204 239 270 328 521 443 142 285 323 219 0
