8
2
5
0 539 486 244 333 264 267 421
539 0 335 581 206 541 522 584
486 335 0 246 211 222 219 249
244 581 246 0 375 40 59 177
333 206 211 375 0 335 316 378
264 541 222 40 335 0 19 157
267 522 219 59 316 19 0 154
421 584 249 177 378 157 154 0
