10
2
6
0 396 273 577 261 612 238 148 227 486
396 0 669 545 225 516 414 248 623 350
273 669 0 342 444 377 255 421 82 319
577 545 342 0 320 35 339 519 424 195
261 225 444 320 0 351 189 203 398 225
612 516 377 35 351 0 374 554 459 166
238 414 255 339 189 374 0 180 209 248
148 248 421 519 203 554 180 0 375 428
227 623 82 424 398 459 209 375 0 333
486 350 319 195 225 166 248 428 333 0
