20
2
17
0 492 533 522 432 346 322 406 393 83 430 107 286 490 179 653 276 566 256 435
492 0 277 166 160 208 332 140 109 497 174 385 592 234 313 161 390 74 236 417
533 277 0 443 117 187 257 417 168 450 103 602 517 53 408 368 315 343 283 342
522 166 443 0 326 256 362 116 275 527 340 415 622 400 343 131 420 100 266 447
432 160 117 326 0 148 272 300 51 437 38 485 532 74 291 251 330 226 176 357
346 208 187 256 148 0 124 230 109 289 110 415 384 144 221 369 182 282 96 209
322 332 257 362 272 124 0 246 233 239 234 391 260 204 197 493 58 406 96 113
406 140 417 116 300 230 246 0 249 411 314 299 506 374 227 247 304 160 150 331
393 109 168 275 51 109 233 249 0 398 65 434 493 125 240 260 291 175 137 318
83 497 450 527 437 289 239 411 398 0 399 152 203 407 184 658 193 571 261 352
430 174 103 340 38 110 234 314 65 399 0 499 494 60 305 265 292 240 180 319
107 385 602 415 485 415 391 299 434 152 499 0 355 559 194 546 345 459 319 504
286 592 517 622 532 384 260 506 493 203 494 355 0 464 279 753 202 666 356 175
490 234 53 400 74 144 204 374 125 407 60 559 464 0 365 325 262 300 240 289
179 313 408 343 291 221 197 227 240 184 305 194 279 365 0 474 151 387 125 310
653 161 368 131 251 369 493 247 260 658 265 546 753 325 474 0 551 87 397 578
276 390 315 420 330 182 58 304 291 193 292 345 202 262 151 551 0 464 154 159
566 74 343 100 226 282 406 160 175 571 240 459 666 300 387 87 464 0 310 491
256 236 283 266 176 96 96 150 137 261 180 319 356 240 125 397 154 310 0 185
435 417 342 447 357 209 113 331 318 352 319 504 175 289 310 578 159 491 185 0
