10
2
7
0 483 313 484 212 441 312 401 584 133
483 0 186 425 555 478 171 188 101 410
313 186 0 405 369 458 15 168 287 390
484 425 405 0 556 53 404 237 334 351
212 555 369 556 0 513 384 473 656 289
441 478 458 53 513 0 457 290 387 308
312 171 15 404 384 457 0 167 272 389
401 188 168 237 473 290 167 0 183 268
584 101 287 334 656 387 272 183 0 451
133 410 390 351 289 308 389 268 451 0
