8
1
7
0 475 183 47 411 25 350 191
475 0 292 516 64 450 497 284
183 292 0 224 228 200 205 280
47 516 224 0 452 66 397 232
411 64 228 452 0 386 433 220
25 450 200 66 386 0 373 166
350 497 205 397 433 373 0 453
191 284 280 232 220 166 453 0
