6
1
2
0 70 411 347 181 95
70 0 449 385 111 165
411 449 0 64 456 322
347 385 64 0 392 258
181 111 456 392 0 276
95 165 322 258 276 0
