8
2
4
0 410 284 373 293 209 238 167
410 0 692 207 609 375 636 577
284 692 0 509 83 493 56 323
373 207 509 0 426 582 453 412
293 609 83 426 0 502 55 332
209 375 493 582 502 0 447 324
238 636 56 453 55 447 0 277
167 577 323 412 332 324 277 0
