16
1
3
0 336 627 399 372 408 270 206 345 194 142 338 334 326 246 209
336 0 401 153 146 88 106 156 119 386 374 112 64 662 430 491
627 401 0 554 255 489 507 421 282 433 485 289 465 549 381 418
399 153 554 0 299 65 129 219 272 449 437 265 89 725 493 554
372 146 255 299 0 234 252 166 83 248 236 52 210 524 292 353
408 88 489 65 234 0 138 228 207 458 446 200 74 734 502 563
270 106 507 129 252 138 0 90 225 320 308 218 64 596 364 425
206 156 421 219 166 228 90 0 139 230 218 132 154 506 274 335
345 119 282 272 83 207 225 139 0 331 319 31 183 607 375 436
194 386 433 449 248 458 320 230 331 0 52 300 384 276 52 105
142 374 485 437 236 446 308 218 319 52 0 288 372 288 104 117
338 112 289 265 52 200 218 132 31 300 288 0 176 576 344 405
334 64 465 89 210 74 64 154 183 384 372 176 0 660 428 489
326 662 549 725 524 734 596 506 607 276 288 576 660 0 232 171
246 430 381 493 292 502 364 274 375 52 104 344 428 232 0 61
209 491 418 554 353 563 425 335 436 105 117 405 489 171 61 0
