12
1
4
0 366 272 600 433 222 301 370 228 355 278 264
366 0 448 234 267 412 477 546 338 43 318 630
272 448 0 412 705 494 165 98 500 491 550 452
600 234 412 0 501 646 577 406 572 245 552 864
433 267 705 501 0 211 734 803 205 256 155 363
222 412 494 646 211 0 523 592 74 401 94 218
301 477 165 577 734 523 0 171 529 520 579 413
370 546 98 406 803 592 171 0 598 589 648 482
228 338 500 572 205 74 529 598 0 327 50 292
355 43 491 245 256 401 520 589 327 0 307 619
278 318 550 552 155 94 579 648 50 307 0 312
264 630 452 864 363 218 413 482 292 619 312 0
