6
1
2
0 655 615 408 292 358
655 0 468 247 451 555
615 468 0 455 323 257
408 247 455 0 438 542
292 451 323 438 0 104
358 555 257 542 104 0
